38
28
8
25
45
42
32
19
11
28
15
39
46
24
52
28
42
26
22
34
38
42
35
31
14
49
49
14
44
13
30
8
23
21
41
39
14
19
7
33
44
38
6
47
40
44
27
32
33
8
19
41
32
36
34
36
34
28
32
15
34
17
29
41
37
17
32
30
16
36
28
41
29
18
43
27
28
37
48
24
14
27
34
15
13
25
43
27
17
22
33
38
37
27
38
20
36
42
46
50
33
18
20
22
17
31
42
36
34
12
35
33
43
25
39
25
23
17
21
37
33
32
32
45
27
38
13
42
37
38
35
19
4
32
29
1
5
3
38
38
36
22
40
5
36
47
39
41
20
33
35
20
30
35
38
23
20
25
49
45
33
42
16
36
30
9
9
29
43
10
34
27
19
30
17
33
40
29
24
40
44
31
15
39
44
34
33
38
41
32
18
35
29
26
18
29
38
19
7
45
44
48
16
26
30
42
35
31
37
33
3
24
48
35
36
26
15
13
22
24
19
17
10
49
11
16
37
34
26
33
35
32
32
29
41
24
37
33
19
20
34
33
36
46
34
40
32
29
31
27
51
18
36
32
38
37
29
33
23
49
36
37
44
36
47
11
10
30
29
25
8
48
38
26
42
30
28
33
37
27
37
35
19
35
1
38
36
48
27
11
19
43
29
45
27
31
10
34
37
37
37
13
34
22
16
48
26
37
28
16
35
41
37
16
31
43
26
35
24
48
17
36
11
39
42
10
30
30
46
37
45
28
31
10
28
14
30
30
39
49
30
48
35
13
22
15
36
13
18
7
30
43
26
38
38
38
11
27
23
31
22
33
40
22
31
39
27
26
38
36
37
30
36
12
30
47
22
20
29
40
34
41
32
32
15
36
18
41
28
31
20
18
23
40
32
29
38
26
25
21
42
37
12
34
41
34
44
9
16
23
25
33
32
27
45
44
28
37
25
17
27
43
42
24
50
38
41
15
25
38
51
47
35
31
35
43
38
24
28
34
42
34
23
51
37
45
38
36
24
20
40
14
31
42
38
37
13
39
7
40
7
47
27
36
27
43
39
25
17
47
36
27
32
5
29
30
44
26
31
28
35
37
39
49
50
22
38
21
50
41
49
50
47
48
39
33
35
39
52
33
46
38
35
32
20
39
34
32
41
41
35
40
36
23
38
33
32
43
28
27
37
37
33
32
43
30
39
17
17
42
23
27
34
36
13
42
30
20
33
36
44
44
8
22
42
36
32
38
44
33
38
33
35
35
34
33
45
35
29
9
42
27
31
48
41
41
36
49
38
10
18
36
15
38
34
32
38
26
16
39
17
33
19
2
38
34
47
35
41
10
25
40
20
15
13
33
7
18
30
24
28
31
23
49
49
14
30
49
26
33
26
50
38
38
37
32
42
25
37
18
30
32
48
38
51
8
23
30
5
46
23
13
42
29
16
19
30
32
26
37
38
33
43
18
16
42
33
28
40
33
34
42
16
13
33
44
36
7
27
37
40
48
39
21
40
52
39
22
38
36
22
15
29
43
52
39
29
17
37
36
39
43
18
51
38
27
30
36
37
37
16
35
7
41
42
27
44
20
41
25
33
37
31
28
17
35
29
23
19
29
35
16
21
38
27
19
18
25
34
26
46
38
39
50
35
36
48
51
37
48
44
36
9
46
28
39
21
39
33
28
34
44
41
17
37
47
25
39
35
19
39
40
15
31
39
15
33
32
32
26
43
28
50
9
35
38
35
13
22
44
39
29
34
32
16
35
45
45
6
33
38
46
50
41
48
52
41
39
36
42
47
48
40
38
42
36
46
27
33
14
44
37
48
39
32
41
19
33
48
49
30
28
40
35
42
41
49
36
36
37
35
43
32
33
31
47
35
31
25
39
21
7
27
26
29
40
36
29
17
33
48
48
40
35
52
48
40
46
50
50
44
48
49
51
46
49
49
44
45
50
35
41
37
38
50
51
35
46
38
37
37
11
42
33
32
42
48
37
41
36
46
35
36
35
22
33
33
26
35
39
45
4
45
30
18
35
3
34
36
26