31
84
41
12
18
28
5
45
47
17
53
66
61
23
5
7
25
25
60
9
16
24
8
5
16
22
26
35
11
10
10
49
14
40
56
5
66
28
61
10
8
5
72
54
8
51
13
5
5
21
47
24
33
33
18
28
5
15
10
21
30
29
40
20
8
9
59
12
5
5
120
7
50
7
19
143
5
51
48
93
22
13
47
16
10
5
29
194
48
49
20
57
7
10
8
33
5
38
35
73
18
23
77
17
74
21
5
104
5
10
31
5
5
24
5
5
12
5
7
27
40
12
7
11
73
57
51
28
29
19
15
29
87
30
16
50
21
67
5
39
31
6
13
59
36
5
14
63
17
36
5
18
10
24
5
38
88
52
5
25
29
33
6
5
40
23
29
21
45
8
33
9
9
17
32
5
34
24
61
34
188
13
150
17
16
5
41
39
62
5
22
44
65
40
118
8
89
83
5
68
40
5
47
9
40
11
81
38
52
5
24
57
14
36
44
9
39
10
6
32
19
53
48
34
15
6
10
5
16
5
14
58
8
21
59
19
59
68
42
9
75
18
96
174
8
10
86
12
131
230
43
9
75
25
37
29
42
13
16
28
16
63
57
5
47
10
5
151
33
77
95
27
53
13
35
49
37
34
21
10
5
15
24
40
37
21
61
9
27
24
5
22
21
11
12
15
15
5
18
32
30
76
80
91
12
106
31
171
35
35
8
14
28
85
38
56
41
7
187
30
50
40
18
25
122
58
155
51
54
184
30
18
5
65
11
8
32
41
17
14
17
8
55
40
11
18
106
49
26
76
23
58
42
27
75
33
7
12
36
80
5
118
107
134
335
323
16
95
83
8
15
333
333
13
12
14
54
171
218
20
88
42
63
20
11
74
77
5
119
59
177
58
198
188
134
40
74
35
226
5
5
29
114
34
23
47
121
159
76
64
44
17
49
26
34
46
10
179
41
68
176
100
128
412
200
113
59
254
17
24
16
203
150
104
158
37
231
110
85
92
326
54
9
330
98
16
251
49
90
43
220
24
91
76
49
59
43
81
213
6
5
11
21
5
108
260
49
216
73
12
10
6
354
110
11
28
21
25
25
23
196
234
827
79
926
486
371
75
84
334
42
10
216
135
457
70
47
87
179
67
94
48
393
110
48
329
91
53
152
158
69
149
28
61
15
59
97
22
73
184
72
70
45
55
154
44
5
13
72
114
24
104
25
20
37
31
36
56
5
5
640
985
10
7
1436
464
9
537
221
466
499
339
244
232
631
732
87
436
1118
91
428
331
186
26
182
353
31
65
66
12
54
404
49
35
99
347
180
183
174
209
46
38
297
5
519
31
20
24
127
50
19
52
10
295
8
69
43
160
106
10
34
23
199
102
286
124
183
604
479
203
82
49
109
64
38
113
7
81
343
64
185
155
118
12
117
64
222
197
5
27
209
382
39
137
322
53
120
73
59
30
16
114
83
102
371
107
173
45
30
29
22
115
187
458
394
14
35
65
119
68
590
169
12
474
403
730
223
21
652
1146
30
140
247
271
324
35
61
152
123
507
433
303
87
40
35
126
226
289
189
163
40
200
17
9
60
70
97
101
113
402
93
5
581
11
44
206
46
5
6
288
151
114
11
60
161
46
9
148
46
52
246
304
379
94
161
23
1096
449
1335
116
254
45
552
1010
330
243
288
1031
509
575
377
7
748
126
204
37
133
71
103
64
53
257
274
573
194
436
14
358
149
58
42
129
519
645
361
421
17
54
98
52
119
36
50
23
234
17
22
66
149
21
763
2566
341
885
4328
1800
2636
1273
824
940
326
656
93
979
616
263
135
622
807
158
616
23
135
372
142
281
552
139
465
320
349
204
19
740
10
18
414
315
127
583
71
100
64
132
257
269
238
5
385
54
63
182
53
347
245
465
104
320
396
41
2474
5722
788
363
581
4695
807
1496
14
5505
19
3825
110
957
2469
466
2688
490
854
2563
493
450
3363
253
2426
137
2065
676
371
1497
263
4038
509
1145
741
513
45
446
245
50
29
2547
427
656
1664
178
223
688
583
691
53
348
39
843
201
64
215
1001
180
883